C:\Users\user\AppData\Local\Temp\RenderDoc\python_2026.03.11_20.35.51_capture.rdc - Frame #4294967295

 EID  | Event                                          | Action # | Duration (Microseconds)
--------------------------------------------------------------------------------
1713  | - Compute Pass #1                              | 1-138  | 652264.01042
7     |  \- Dispatch(2048, 2, 1)                       | 1      | 267.86458
16    |   - Dispatch(2048, 1, 1)                       | 2      | 365.05208
25    |   - Dispatch(2048, 1, 1)                       | 3      | 63.33333
31    |   - Dispatch(2048, 1, 1)                       | 4      | 109.01042
40    |   - Dispatch(2048, 9, 1)                       | 5      | 1660.52083
49    |   - Dispatch(2048, 1, 1)                       | 6      | 1724.27083
58    |   - Dispatch(2048, 1, 1)                       | 7      | 62.23958
64    |   - Dispatch(2048, 1, 1)                       | 8      | 38.69792
73    |   - Dispatch(4, 4, 32)                         | 9      | 60.72917
82    |   - Dispatch(512, 9, 1)                        | 10     | 356.66667
91    |   - Dispatch(512, 2, 1)                        | 11     | 734.01042
100   |   - Dispatch(512, 2, 1)                        | 12     | 60.88542
106   |   - Dispatch(1024, 1, 1)                       | 13     | 24.01042
115   |   - Dispatch(512, 18, 1)                       | 14     | 1013.07292
124   |   - Dispatch(512, 2, 1)                        | 15     | 1430.67708
133   |   - Dispatch(512, 2, 1)                        | 16     | 35.00
139   |   - Dispatch(1024, 1, 1)                       | 17     | 21.77083
148   |   - Dispatch(2, 2, 64)                         | 18     | 42.44792
157   |   - Dispatch(128, 18, 1)                       | 19     | 180.9375
166   |   - Dispatch(32, 1, 1)                         | 20     | 452.91667
175   |   - Dispatch(128, 4, 1)                        | 21     | 20.78125
181   |   - Dispatch(512, 1, 1)                        | 22     | 16.61458
190   |   - Dispatch(128, 36, 1)                       | 23     | 466.82292
199   |   - Dispatch(32, 1, 1)                         | 24     | 901.04167
208   |   - Dispatch(128, 4, 1)                        | 25     | 21.35417
214   |   - Dispatch(512, 1, 1)                        | 26     | 13.07292
223   |   - Dispatch(1, 1, 128)                        | 27     | 23.85417
232   |   - Dispatch(32, 36, 1)                        | 28     | 118.4375
241   |   - Dispatch(8, 2, 1)                          | 29     | 542.50
250   |   - Dispatch(32, 8, 1)                         | 30     | 14.42708
256   |   - Dispatch(256, 1, 1)                        | 31     | 9.21875
265   |   - Dispatch(32, 72, 1)                        | 32     | 167.44792
274   |   - Dispatch(8, 2, 1)                          | 33     | 1051.5625
283   |   - Dispatch(32, 8, 1)                         | 34     | 13.95833
289   |   - Dispatch(256, 1, 1)                        | 35     | 9.89583
298   |   - Dispatch(1024, 1, 1)                       | 36     | 67.39583
307   |   - Dispatch(1024, 1, 1)                       | 37     | 45.88542
316   |   - Dispatch(512, 1, 1)                        | 38     | 48.48958
325   |   - Dispatch(128, 108, 1)                      | 39     | 1049.89583
334   |   - Dispatch(32, 1, 1)                         | 40     | 2868.75
343   |   - Dispatch(128, 4, 1)                        | 41     | 20.98958
349   |   - Dispatch(512, 1, 1)                        | 42     | 17.23958
358   |   - Dispatch(128, 36, 1)                       | 43     | 333.75
367   |   - Dispatch(32, 1, 1)                         | 44     | 938.4375
376   |   - Dispatch(128, 4, 1)                        | 45     | 21.5625
382   |   - Dispatch(512, 1, 1)                        | 46     | 13.69792
391   |   - Dispatch(2048, 1, 1)                       | 47     | 131.61458
400   |   - Dispatch(2048, 1, 1)                       | 48     | 78.02083
409   |   - Dispatch(1024, 1, 1)                       | 49     | 56.71875
418   |   - Dispatch(512, 54, 1)                       | 50     | 2158.80208
427   |   - Dispatch(512, 2, 1)                        | 51     | 5406.35417
436   |   - Dispatch(512, 2, 1)                        | 52     | 49.21875
442   |   - Dispatch(1024, 1, 1)                       | 53     | 26.92708
451   |   - Dispatch(512, 18, 1)                       | 54     | 751.77083
460   |   - Dispatch(512, 2, 1)                        | 55     | 1493.125
469   |   - Dispatch(512, 2, 1)                        | 56     | 53.59375
475   |   - Dispatch(1024, 1, 1)                       | 57     | 20.00
484   |   - Dispatch(4096, 1, 1)                       | 58     | 277.70833
493   |   - Dispatch(4096, 1, 1)                       | 59     | 206.30208
502   |   - Dispatch(2048, 1, 1)                       | 60     | 138.33333
511   |   - Dispatch(2048, 27, 1)                      | 61     | 4359.84375
520   |   - Dispatch(2048, 1, 1)                       | 62     | 6062.96875
529   |   - Dispatch(2048, 1, 1)                       | 63     | 101.51042
535   |   - Dispatch(2048, 1, 1)                       | 64     | 54.63542
544   |   - Dispatch(2048, 9, 1)                       | 65     | 1401.61458
553   |   - Dispatch(2048, 1, 1)                       | 66     | 1457.8125
562   |   - Dispatch(2048, 1, 1)                       | 67     | 80.00
568   |   - Dispatch(2048, 1, 1)                       | 68     | 40.15625
577   |   - Dispatch(2048, 1, 1)                       | 69     | 183.02083
586   |   - Dispatch(2048, 1, 1)                       | 70     | 206.35417
595   |   - Dispatch(2048, 1, 1)                       | 71     | 35.9375
604   |   - Dispatch(128, 1, 1)                        | 72     | 13.75
613   |   - Dispatch(1, 1, 1)                          | 73     | 3371.92708
617   |   - CopyResource(Buffer 356, Buffer 353)       | 74     | 6.875
624   |   - Dispatch(128, 1, 1)                        | 75     | 18568.95833
633   |   - Dispatch(128, 1, 1)                        | 76     | 13.80208
642   |   - Dispatch(2048, 1, 1)                       | 77     | 30.20833
651   |   - Dispatch(16, 1, 1)                         | 78     | 230.88542
660   |   - Dispatch(1, 1, 1)                          | 79     | 65.52083
669   |   - Dispatch(2048, 1, 1)                       | 80     | 155.625
678   |   - Dispatch(2048, 1, 1)                       | 81     | 277.91667
687   |   - Dispatch(2048, 1, 1)                       | 82     | 144.6875
696   |   - Dispatch(2048, 1, 1)                       | 83     | 47.8125
705   |   - Dispatch(144, 16, 1)                       | 84     | 67457.50
714   |   - Dispatch(16, 1, 1)                         | 85     | 76.66667
723   |   - Dispatch(512, 3, 1)                        | 86     | 2186.14583
732   |   - Dispatch(2048, 1, 1)                       | 87     | 862.50
741   |   - Dispatch(2048, 1, 1)                       | 88     | 205.3125
750   |   - Dispatch(2048, 1, 1)                       | 89     | 50.10417
759   |   - Dispatch(432, 16, 1)                       | 90     | 435209.53125
768   |   - Dispatch(16, 1, 1)                         | 91     | 168.28125
777   |   - Dispatch(512, 7, 1)                        | 92     | 5658.33333
786   |   - Dispatch(6144, 1, 1)                       | 93     | 3487.70833
795   |   - Dispatch(4096, 1, 1)                       | 94     | 242.1875
804   |   - Dispatch(2048, 1, 1)                       | 95     | 160.625
813   |   - Dispatch(1024, 1, 1)                       | 96     | 200.41667
822   |   - Dispatch(1024, 1, 1)                       | 97     | 96.71875
831   |   - Dispatch(512, 2, 1)                        | 98     | 42.03125
840   |   - Dispatch(288, 32, 1)                       | 99     | 45034.27083
849   |   - Dispatch(32, 1, 1)                         | 100    | 67.08333
858   |   - Dispatch(128, 5, 1)                        | 101    | 984.47917
867   |   - Dispatch(1024, 1, 1)                       | 102    | 365.9375
876   |   - Dispatch(1024, 1, 1)                       | 103    | 77.34375
885   |   - Dispatch(512, 2, 1)                        | 104    | 26.30208
894   |   - Dispatch(54, 2, 1)                         | 105    | 8101.77083
903   |   - Dispatch(32, 1, 1)                         | 106    | 24.58333
912   |   - Dispatch(128, 14, 1)                       | 107    | 2548.48958
921   |   - Dispatch(3072, 1, 1)                       | 108    | 1671.25
930   |   - Dispatch(2048, 1, 1)                       | 109    | 83.38542
939   |   - Dispatch(1024, 1, 1)                       | 110    | 46.92708
948   |   - Dispatch(512, 1, 1)                        | 111    | 46.97917
957   |   - Dispatch(512, 1, 1)                        | 112    | 34.73958
966   |   - Dispatch(128, 4, 1)                        | 113    | 18.69792
975   |   - Dispatch(9, 1, 1)                          | 114    | 1083.85417
984   |   - Dispatch(64, 1, 1)                         | 115    | 16.30208
993   |   - Dispatch(32, 9, 1)                         | 116    | 844.375
1002  |   - Dispatch(512, 1, 1)                        | 117    | 154.01042
1011  |   - Dispatch(512, 1, 1)                        | 118    | 39.47917
1020  |   - Dispatch(128, 4, 1)                        | 119    | 17.70833
1029  |   - Dispatch(27, 1, 1)                         | 120    | 2860.20833
1038  |   - Dispatch(64, 1, 1)                         | 121    | 15.98958
1047  |   - Dispatch(32, 27, 1)                        | 122    | 2754.73958
1056  |   - Dispatch(1536, 1, 1)                       | 123    | 717.13542
1065  |   - Dispatch(1024, 1, 1)                       | 124    | 51.51042
1074  |   - Dispatch(512, 1, 1)                        | 125    | 30.72917
1083  |   - Dispatch(256, 1, 1)                        | 126    | 24.63542
1092  |   - Dispatch(256, 1, 1)                        | 127    | 31.82292
1101  |   - Dispatch(32, 8, 1)                         | 128    | 13.75
1110  |   - Dispatch(18, 2, 1)                         | 129    | 1012.34375
1119  |   - Dispatch(128, 1, 1)                        | 130    | 16.51042
1128  |   - Dispatch(8, 18, 1)                         | 131    | 878.17708
1137  |   - Dispatch(256, 1, 1)                        | 132    | 85.36458
1146  |   - Dispatch(256, 1, 1)                        | 133    | 22.8125
1155  |   - Dispatch(32, 8, 1)                         | 134    | 16.61458
1164  |   - Dispatch(9, 2, 1)                          | 135    | 519.11458
1173  |   - Dispatch(128, 1, 1)                        | 136    | 15.98958
1182  |   - Dispatch(8, 9, 1)                          | 137    | 476.14583
1191  |   - Dispatch(128, 1, 1)                        | 138    | 46.875
1194  | - ClearUnorderedAccessViewUint({ 0, 0, 0, 0 }) | 139    | 30.3125
1714  | - Compute Pass #2                              | 140-153 | 3920.57292
1201  |  \- Dispatch(1, 1, 128)                        | 140    | 22.55208
1210  |   - Dispatch(512, 1, 1)                        | 141    | 28.59375
1219  |   - Dispatch(512, 1, 1)                        | 142    | 30.00
1228  |   - Dispatch(128, 4, 1)                        | 143    | 17.55208
1237  |   - Dispatch(9, 1, 1)                          | 144    | 1035.625
1246  |   - Dispatch(64, 1, 1)                         | 145    | 16.40625
1255  |   - Dispatch(32, 9, 1)                         | 146    | 928.85417
1264  |   - Dispatch(512, 1, 1)                        | 147    | 175.3125
1273  |   - Dispatch(512, 1, 1)                        | 148    | 38.28125
1282  |   - Dispatch(128, 4, 1)                        | 149    | 18.17708
1291  |   - Dispatch(5, 1, 1)                          | 150    | 1035.625
1300  |   - Dispatch(64, 1, 1)                         | 151    | 16.61458
1309  |   - Dispatch(32, 5, 1)                         | 152    | 460.3125
1318  |   - Dispatch(256, 1, 1)                        | 153    | 96.66667
1321  | - ClearUnorderedAccessViewUint({ 0, 0, 0, 0 }) | 154    | 45.78125
1715  | - Compute Pass #3                              | 155-168 | 86093.54167
1328  |  \- Dispatch(2, 2, 64)                         | 155    | 26.82292
1337  |   - Dispatch(1024, 1, 1)                       | 156    | 59.89583
1346  |   - Dispatch(1024, 1, 1)                       | 157    | 62.60417
1355  |   - Dispatch(512, 2, 1)                        | 158    | 31.51042
1364  |   - Dispatch(288, 32, 1)                       | 159    | 65253.95833
1373  |   - Dispatch(32, 1, 1)                         | 160    | 59.58333
1382  |   - Dispatch(128, 5, 1)                        | 161    | 952.65625
1391  |   - Dispatch(1024, 1, 1)                       | 162    | 330.36458
1400  |   - Dispatch(1024, 1, 1)                       | 163    | 82.29167
1409  |   - Dispatch(512, 2, 1)                        | 164    | 29.32292
1418  |   - Dispatch(144, 32, 1)                       | 165    | 18454.84375
1427  |   - Dispatch(32, 1, 1)                         | 166    | 29.11458
1436  |   - Dispatch(128, 3, 1)                        | 167    | 544.375
1445  |   - Dispatch(512, 1, 1)                        | 168    | 176.19792
1448  | - ClearUnorderedAccessViewUint({ 0, 0, 0, 0 }) | 169    | 73.69792
1716  | - Compute Pass #4                              | 170-211 | 87949.16667
1455  |  \- Dispatch(4, 4, 32)                         | 170    | 49.0625
1464  |   - Dispatch(2048, 1, 1)                       | 171    | 148.4375
1473  |   - Dispatch(2048, 1, 1)                       | 172    | 173.33333
1482  |   - Dispatch(2048, 1, 1)                       | 173    | 64.58333
1491  |   - Dispatch(144, 16, 1)                       | 174    | 73973.85417
1500  |   - Dispatch(16, 1, 1)                         | 175    | 73.28125
1509  |   - Dispatch(512, 3, 1)                        | 176    | 2269.32292
1518  |   - Dispatch(2048, 1, 1)                       | 177    | 934.16667
1527  |   - Dispatch(2048, 1, 1)                       | 178    | 180.20833
1536  |   - Dispatch(2048, 1, 1)                       | 179    | 57.1875
1545  |   - Dispatch(27, 16, 1)                        | 180    | 9531.92708
1554  |   - Dispatch(16, 1, 1)                         | 181    | 65.9375
1563  |   - Dispatch(2, 1, 1)                          | 182    | 8.69792
1568  |   - Dispatch(1, 1, 1)                          | 183    | 11.82292
1573  |   - Dispatch(9, 1, 1)                          | 184    | 12.44792
1578  |   - Dispatch(1, 1, 1)                          | 185    | 7.39583
1583  |   - Dispatch(18, 1, 1)                         | 186    | 9.21875
1588  |   - Dispatch(1, 1, 1)                          | 187    | 10.625
1593  |   - Dispatch(36, 1, 1)                         | 188    | 11.35417
1598  |   - Dispatch(1, 1, 1)                          | 189    | 7.23958
1603  |   - Dispatch(72, 1, 1)                         | 190    | 13.125
1608  |   - Dispatch(1, 1, 1)                          | 191    | 8.125
1613  |   - Dispatch(144, 1, 1)                        | 192    | 24.84375
1618  |   - Dispatch(1, 1, 1)                          | 193    | 10.98958
1623  |   - Dispatch(288, 1, 1)                        | 194    | 32.03125
1628  |   - Dispatch(1, 1, 1)                          | 195    | 8.4375
1633  |   - Dispatch(576, 1, 1)                        | 196    | 61.04167
1638  |   - Dispatch(1, 1, 1)                          | 197    | 7.96875
1643  |   - Dispatch(432, 1, 1)                        | 198    | 52.86458
1648  |   - Dispatch(1, 1, 1)                          | 199    | 7.96875
1653  |   - Dispatch(144, 1, 1)                        | 200    | 20.36458
1658  |   - Dispatch(1, 1, 1)                          | 201    | 7.96875
1663  |   - Dispatch(108, 1, 1)                        | 202    | 21.04167
1668  |   - Dispatch(1, 1, 1)                          | 203    | 7.91667
1673  |   - Dispatch(36, 1, 1)                         | 204    | 10.26042
1678  |   - Dispatch(1, 1, 1)                          | 205    | 7.34375
1683  |   - Dispatch(27, 1, 1)                         | 206    | 9.47917
1688  |   - Dispatch(1, 1, 1)                          | 207    | 7.50
1693  |   - Dispatch(9, 1, 1)                          | 208    | 7.60417
1698  |   - Dispatch(1, 1, 1)                          | 209    | 7.44792
1703  |   - Dispatch(1, 1, 1)                          | 210    | 7.50
1708  |   - Dispatch(1, 1, 1)                          | 211    | 7.23958
1712  | - End of Capture                               | 212    | 0.3125
