C:\Users\user\AppData\Local\Temp\RenderDoc\python_2026.03.11_20.27.32_capture.rdc - Frame #4294967295

 EID  | Event                                          | Action # | Duration (Microseconds)
--------------------------------------------------------------------------------
1713  | - Compute Pass #1                              | 1-138  | 129090.98958
7     |  \- Dispatch(2048, 2, 1)                       | 1      | 633.69792
16    |   - Dispatch(2048, 1, 1)                       | 2      | 901.14583
25    |   - Dispatch(2048, 1, 1)                       | 3      | 136.92708
31    |   - Dispatch(2048, 1, 1)                       | 4      | 72.76042
40    |   - Dispatch(2048, 9, 1)                       | 5      | 3166.04167
49    |   - Dispatch(2048, 1, 1)                       | 6      | 2529.63542
58    |   - Dispatch(2048, 1, 1)                       | 7      | 57.23958
64    |   - Dispatch(2048, 1, 1)                       | 8      | 32.96875
73    |   - Dispatch(4, 4, 32)                         | 9      | 40.41667
82    |   - Dispatch(512, 9, 1)                        | 10     | 507.96875
91    |   - Dispatch(512, 2, 1)                        | 11     | 630.57292
100   |   - Dispatch(512, 2, 1)                        | 12     | 34.11458
106   |   - Dispatch(1024, 1, 1)                       | 13     | 29.58333
115   |   - Dispatch(512, 18, 1)                       | 14     | 706.45833
124   |   - Dispatch(512, 2, 1)                        | 15     | 1338.07292
133   |   - Dispatch(512, 2, 1)                        | 16     | 32.55208
139   |   - Dispatch(1024, 1, 1)                       | 17     | 18.69792
148   |   - Dispatch(2, 2, 64)                         | 18     | 25.57292
157   |   - Dispatch(128, 18, 1)                       | 19     | 251.40625
166   |   - Dispatch(32, 1, 1)                         | 20     | 498.95833
175   |   - Dispatch(128, 4, 1)                        | 21     | 20.10417
181   |   - Dispatch(512, 1, 1)                        | 22     | 13.07292
190   |   - Dispatch(128, 36, 1)                       | 23     | 334.375
199   |   - Dispatch(32, 1, 1)                         | 24     | 1098.22917
208   |   - Dispatch(128, 4, 1)                        | 25     | 21.875
214   |   - Dispatch(512, 1, 1)                        | 26     | 12.76042
223   |   - Dispatch(1, 1, 128)                        | 27     | 19.0625
232   |   - Dispatch(32, 36, 1)                        | 28     | 86.71875
241   |   - Dispatch(8, 2, 1)                          | 29     | 800.625
250   |   - Dispatch(32, 8, 1)                         | 30     | 14.16667
256   |   - Dispatch(256, 1, 1)                        | 31     | 9.21875
265   |   - Dispatch(32, 72, 1)                        | 32     | 280.57292
274   |   - Dispatch(8, 2, 1)                          | 33     | 1295.83333
283   |   - Dispatch(32, 8, 1)                         | 34     | 14.79167
289   |   - Dispatch(256, 1, 1)                        | 35     | 9.79167
298   |   - Dispatch(1024, 1, 1)                       | 36     | 73.90625
307   |   - Dispatch(1024, 1, 1)                       | 37     | 42.08333
316   |   - Dispatch(512, 1, 1)                        | 38     | 28.02083
325   |   - Dispatch(128, 108, 1)                      | 39     | 997.60417
334   |   - Dispatch(32, 1, 1)                         | 40     | 2796.51042
343   |   - Dispatch(128, 4, 1)                        | 41     | 47.39583
349   |   - Dispatch(512, 1, 1)                        | 42     | 13.28125
358   |   - Dispatch(128, 36, 1)                       | 43     | 340.05208
367   |   - Dispatch(32, 1, 1)                         | 44     | 885.3125
376   |   - Dispatch(128, 4, 1)                        | 45     | 21.61458
382   |   - Dispatch(512, 1, 1)                        | 46     | 13.38542
391   |   - Dispatch(2048, 1, 1)                       | 47     | 128.33333
400   |   - Dispatch(2048, 1, 1)                       | 48     | 82.1875
409   |   - Dispatch(1024, 1, 1)                       | 49     | 76.875
418   |   - Dispatch(512, 54, 1)                       | 50     | 2503.80208
427   |   - Dispatch(512, 2, 1)                        | 51     | 4932.65625
436   |   - Dispatch(512, 2, 1)                        | 52     | 58.125
442   |   - Dispatch(1024, 1, 1)                       | 53     | 21.77083
451   |   - Dispatch(512, 18, 1)                       | 54     | 900.10417
460   |   - Dispatch(512, 2, 1)                        | 55     | 1307.03125
469   |   - Dispatch(512, 2, 1)                        | 56     | 36.14583
475   |   - Dispatch(1024, 1, 1)                       | 57     | 44.73958
484   |   - Dispatch(4096, 1, 1)                       | 58     | 339.53125
493   |   - Dispatch(4096, 1, 1)                       | 59     | 217.96875
502   |   - Dispatch(2048, 1, 1)                       | 60     | 158.80208
511   |   - Dispatch(2048, 27, 1)                      | 61     | 4783.69792
520   |   - Dispatch(2048, 1, 1)                       | 62     | 5561.61458
529   |   - Dispatch(2048, 1, 1)                       | 63     | 76.35417
535   |   - Dispatch(2048, 1, 1)                       | 64     | 53.17708
544   |   - Dispatch(2048, 9, 1)                       | 65     | 1738.64583
553   |   - Dispatch(2048, 1, 1)                       | 66     | 1958.85417
562   |   - Dispatch(2048, 1, 1)                       | 67     | 62.50
568   |   - Dispatch(2048, 1, 1)                       | 68     | 98.07292
577   |   - Dispatch(2048, 1, 1)                       | 69     | 296.61458
586   |   - Dispatch(2048, 1, 1)                       | 70     | 174.0625
595   |   - Dispatch(2048, 1, 1)                       | 71     | 38.02083
604   |   - Dispatch(128, 1, 1)                        | 72     | 10.20833
613   |   - Dispatch(1, 1, 1)                          | 73     | 3208.02083
617   |   - CopyResource(Buffer 356, Buffer 353)       | 74     | 7.03125
624   |   - Dispatch(128, 1, 1)                        | 75     | 18761.5625
633   |   - Dispatch(128, 1, 1)                        | 76     | 14.27083
642   |   - Dispatch(2048, 1, 1)                       | 77     | 28.90625
651   |   - Dispatch(16, 1, 1)                         | 78     | 185.78125
660   |   - Dispatch(1, 1, 1)                          | 79     | 70.26042
669   |   - Dispatch(2048, 1, 1)                       | 80     | 170.83333
678   |   - Dispatch(2048, 1, 1)                       | 81     | 204.16667
687   |   - Dispatch(2048, 1, 1)                       | 82     | 178.28125
696   |   - Dispatch(2048, 1, 1)                       | 83     | 76.82292
705   |   - Dispatch(9, 1, 1)                          | 84     | 6444.21875
714   |   - Dispatch(16, 1, 1)                         | 85     | 97.65625
723   |   - Dispatch(512, 3, 1)                        | 86     | 2347.65625
732   |   - Dispatch(2048, 1, 1)                       | 87     | 1145.20833
741   |   - Dispatch(2048, 1, 1)                       | 88     | 170.83333
750   |   - Dispatch(2048, 1, 1)                       | 89     | 56.875
759   |   - Dispatch(27, 1, 1)                         | 90     | 9299.32292
768   |   - Dispatch(16, 1, 1)                         | 91     | 89.58333
777   |   - Dispatch(512, 7, 1)                        | 92     | 5713.4375
786   |   - Dispatch(6144, 1, 1)                       | 93     | 3338.33333
795   |   - Dispatch(4096, 1, 1)                       | 94     | 271.51042
804   |   - Dispatch(2048, 1, 1)                       | 95     | 150.72917
813   |   - Dispatch(1024, 1, 1)                       | 96     | 212.08333
822   |   - Dispatch(1024, 1, 1)                       | 97     | 67.91667
831   |   - Dispatch(512, 2, 1)                        | 98     | 28.02083
840   |   - Dispatch(18, 2, 1)                         | 99     | 3536.19792
849   |   - Dispatch(32, 1, 1)                         | 100    | 29.6875
858   |   - Dispatch(128, 5, 1)                        | 101    | 894.375
867   |   - Dispatch(1024, 1, 1)                       | 102    | 394.16667
876   |   - Dispatch(1024, 1, 1)                       | 103    | 70.20833
885   |   - Dispatch(512, 2, 1)                        | 104    | 28.07292
894   |   - Dispatch(54, 2, 1)                         | 105    | 8815.57292
903   |   - Dispatch(32, 1, 1)                         | 106    | 61.66667
912   |   - Dispatch(128, 14, 1)                       | 107    | 2694.16667
921   |   - Dispatch(3072, 1, 1)                       | 108    | 1672.55208
930   |   - Dispatch(2048, 1, 1)                       | 109    | 89.32292
939   |   - Dispatch(1024, 1, 1)                       | 110    | 52.34375
948   |   - Dispatch(512, 1, 1)                        | 111    | 50.20833
957   |   - Dispatch(512, 1, 1)                        | 112    | 34.58333
966   |   - Dispatch(128, 4, 1)                        | 113    | 21.66667
975   |   - Dispatch(9, 1, 1)                          | 114    | 1057.1875
984   |   - Dispatch(64, 1, 1)                         | 115    | 16.61458
993   |   - Dispatch(32, 9, 1)                         | 116    | 848.33333
1002  |   - Dispatch(512, 1, 1)                        | 117    | 150.98958
1011  |   - Dispatch(512, 1, 1)                        | 118    | 31.66667
1020  |   - Dispatch(128, 4, 1)                        | 119    | 20.83333
1029  |   - Dispatch(27, 1, 1)                         | 120    | 2989.0625
1038  |   - Dispatch(64, 1, 1)                         | 121    | 21.04167
1047  |   - Dispatch(32, 27, 1)                        | 122    | 2386.77083
1056  |   - Dispatch(1536, 1, 1)                       | 123    | 762.03125
1065  |   - Dispatch(1024, 1, 1)                       | 124    | 47.34375
1074  |   - Dispatch(512, 1, 1)                        | 125    | 28.125
1083  |   - Dispatch(256, 1, 1)                        | 126    | 29.375
1092  |   - Dispatch(256, 1, 1)                        | 127    | 25.98958
1101  |   - Dispatch(32, 8, 1)                         | 128    | 18.80208
1110  |   - Dispatch(18, 2, 1)                         | 129    | 1038.07292
1119  |   - Dispatch(128, 1, 1)                        | 130    | 25.36458
1128  |   - Dispatch(8, 18, 1)                         | 131    | 948.4375
1137  |   - Dispatch(256, 1, 1)                        | 132    | 86.51042
1146  |   - Dispatch(256, 1, 1)                        | 133    | 24.79167
1155  |   - Dispatch(32, 8, 1)                         | 134    | 13.48958
1164  |   - Dispatch(9, 2, 1)                          | 135    | 577.70833
1173  |   - Dispatch(128, 1, 1)                        | 136    | 16.77083
1182  |   - Dispatch(8, 9, 1)                          | 137    | 496.30208
1191  |   - Dispatch(128, 1, 1)                        | 138    | 50.20833
1194  | - ClearUnorderedAccessViewUint({ 0, 0, 0, 0 }) | 139    | 29.73958
1714  | - Compute Pass #2                              | 140-153 | 3767.34375
1201  |  \- Dispatch(1, 1, 128)                        | 140    | 18.22917
1210  |   - Dispatch(512, 1, 1)                        | 141    | 34.6875
1219  |   - Dispatch(512, 1, 1)                        | 142    | 34.53125
1228  |   - Dispatch(128, 4, 1)                        | 143    | 21.92708
1237  |   - Dispatch(9, 1, 1)                          | 144    | 1031.14583
1246  |   - Dispatch(64, 1, 1)                         | 145    | 15.83333
1255  |   - Dispatch(32, 9, 1)                         | 146    | 845.00
1264  |   - Dispatch(512, 1, 1)                        | 147    | 150.52083
1273  |   - Dispatch(512, 1, 1)                        | 148    | 33.48958
1282  |   - Dispatch(128, 4, 1)                        | 149    | 22.08333
1291  |   - Dispatch(5, 1, 1)                          | 150    | 988.85417
1300  |   - Dispatch(64, 1, 1)                         | 151    | 17.23958
1309  |   - Dispatch(32, 5, 1)                         | 152    | 475.36458
1318  |   - Dispatch(256, 1, 1)                        | 153    | 78.4375
1321  | - ClearUnorderedAccessViewUint({ 0, 0, 0, 0 }) | 154    | 45.20833
1715  | - Compute Pass #3                              | 155-168 | 7238.59375
1328  |  \- Dispatch(2, 2, 64)                         | 155    | 29.53125
1337  |   - Dispatch(1024, 1, 1)                       | 156    | 60.9375
1346  |   - Dispatch(1024, 1, 1)                       | 157    | 69.42708
1355  |   - Dispatch(512, 2, 1)                        | 158    | 31.71875
1364  |   - Dispatch(18, 2, 1)                         | 159    | 3358.59375
1373  |   - Dispatch(32, 1, 1)                         | 160    | 25.3125
1382  |   - Dispatch(128, 5, 1)                        | 161    | 906.09375
1391  |   - Dispatch(1024, 1, 1)                       | 162    | 356.875
1400  |   - Dispatch(1024, 1, 1)                       | 163    | 62.34375
1409  |   - Dispatch(512, 2, 1)                        | 164    | 27.29167
1418  |   - Dispatch(9, 2, 1)                          | 165    | 1521.25
1427  |   - Dispatch(32, 1, 1)                         | 166    | 26.875
1436  |   - Dispatch(128, 3, 1)                        | 167    | 576.35417
1445  |   - Dispatch(512, 1, 1)                        | 168    | 185.98958
1448  | - ClearUnorderedAccessViewUint({ 0, 0, 0, 0 }) | 169    | 89.79167
1716  | - Compute Pass #4                              | 170-211 | 21566.875
1455  |  \- Dispatch(4, 4, 32)                         | 170    | 100.3125
1464  |   - Dispatch(2048, 1, 1)                       | 171    | 137.03125
1473  |   - Dispatch(2048, 1, 1)                       | 172    | 159.58333
1482  |   - Dispatch(2048, 1, 1)                       | 173    | 63.125
1491  |   - Dispatch(9, 1, 1)                          | 174    | 6482.96875
1500  |   - Dispatch(16, 1, 1)                         | 175    | 81.25
1509  |   - Dispatch(512, 3, 1)                        | 176    | 2165.9375
1518  |   - Dispatch(2048, 1, 1)                       | 177    | 1029.01042
1527  |   - Dispatch(2048, 1, 1)                       | 178    | 183.125
1536  |   - Dispatch(2048, 1, 1)                       | 179    | 67.03125
1545  |   - Dispatch(27, 16, 1)                        | 180    | 10541.875
1554  |   - Dispatch(16, 1, 1)                         | 181    | 88.02083
1563  |   - Dispatch(2, 1, 1)                          | 182    | 8.75
1568  |   - Dispatch(1, 1, 1)                          | 183    | 7.91667
1573  |   - Dispatch(9, 1, 1)                          | 184    | 24.53125
1578  |   - Dispatch(1, 1, 1)                          | 185    | 7.60417
1583  |   - Dispatch(18, 1, 1)                         | 186    | 9.6875
1588  |   - Dispatch(1, 1, 1)                          | 187    | 7.03125
1593  |   - Dispatch(36, 1, 1)                         | 188    | 10.46875
1598  |   - Dispatch(1, 1, 1)                          | 189    | 6.82292
1603  |   - Dispatch(72, 1, 1)                         | 190    | 14.32292
1608  |   - Dispatch(1, 1, 1)                          | 191    | 7.76042
1613  |   - Dispatch(144, 1, 1)                        | 192    | 25.15625
1618  |   - Dispatch(1, 1, 1)                          | 193    | 10.78125
1623  |   - Dispatch(288, 1, 1)                        | 194    | 40.05208
1628  |   - Dispatch(1, 1, 1)                          | 195    | 8.17708
1633  |   - Dispatch(576, 1, 1)                        | 196    | 74.21875
1638  |   - Dispatch(1, 1, 1)                          | 197    | 8.28125
1643  |   - Dispatch(432, 1, 1)                        | 198    | 53.75
1648  |   - Dispatch(1, 1, 1)                          | 199    | 7.60417
1653  |   - Dispatch(144, 1, 1)                        | 200    | 26.19792
1658  |   - Dispatch(1, 1, 1)                          | 201    | 12.86458
1663  |   - Dispatch(108, 1, 1)                        | 202    | 22.44792
1668  |   - Dispatch(1, 1, 1)                          | 203    | 8.125
1673  |   - Dispatch(36, 1, 1)                         | 204    | 10.26042
1678  |   - Dispatch(1, 1, 1)                          | 205    | 7.55208
1683  |   - Dispatch(27, 1, 1)                         | 206    | 9.58333
1688  |   - Dispatch(1, 1, 1)                          | 207    | 8.33333
1693  |   - Dispatch(9, 1, 1)                          | 208    | 7.34375
1698  |   - Dispatch(1, 1, 1)                          | 209    | 7.44792
1703  |   - Dispatch(1, 1, 1)                          | 210    | 6.77083
1708  |   - Dispatch(1, 1, 1)                          | 211    | 7.76042
1712  | - End of Capture                               | 212    | 0.3125
